,Rank, State, Events, % of total, Cumulative %
0,1, OH, 62, 20.7, 20.7
1,2, FL, 46, 15.3, 36.0
2,3, PA, 40, 13.3, 49.3
3,4, VA, 23, 7.7, 57.0
4,5, MO, 21, 7.0, 64.0
5,6, CO, 20, 6.7, 70.7
6,7, NC, 15, 5.0, 75.7
7,8, NV, 12, 4.0, 79.7
8,9, NH, 12, 4.0, 83.7
9,10, MI, 10, 3.3, 87.0
10,11, IN, 9, 3.0, 90.0
11,12, NM, 8, 2.7, 92.7
12,13, WI, 8, 2.7, 95.3
13,14, IA, 7, 2.3, 97.7
14,15, MN, 2, 0.7, 98.3
15,16, ME, 2, 0.7, 99.0
16,17, DC, 1, 0.3, 99.3
17,18, TN, 1, 0.3, 99.7
18,19, WV, 1, 0.3, 100.0
